(*Function to calculate d3 for a given sample size n*)
d3[n_Integer] := 
 Module[{pdf, meanRange, 
   meanSquaredRange},(*Define the PDF of the range for standard \
normal samples*)
  pdf[w_] := 
   n*(n - 1)*
    NIntegrate[(CDF[NormalDistribution[0, 1], x] - 
         CDF[NormalDistribution[0, 1], x - w])^(n - 2)*
      PDF[NormalDistribution[0, 1], x - w]*
      PDF[NormalDistribution[0, 1], x], {x, -Infinity, Infinity}, 
     Method -> "GlobalAdaptive", PrecisionGoal -> 17];
  (*Calculate E[R]=d2*)
  meanRange = 
   NIntegrate[w*pdf[w], {w, 0, Infinity}, Method -> "GlobalAdaptive", 
    PrecisionGoal -> 17];
  (*Calculate E[R^2]*)
  meanSquaredRange = 
   NIntegrate[w^2*pdf[w], {w, 0, Infinity}, 
    Method -> "GlobalAdaptive", PrecisionGoal -> 17];
  (*d3=Sqrt[E[R^2]-(E[R])^2]*)Sqrt[meanSquaredRange - meanRange^2]]


d3[2] = 0.8525024664274208
d3[3] = 0.8883680040452026
d3[4] = 0.8798082028249792
d3[5] = 0.8640819410994990
d3[6] = 0.8480396861174856
d3[7] = 0.8332053356222855
d3[8] = 0.8198314897919312
d3[9] = 0.8078342745533086
d3[10] = 0.7970506735193996
d3[11] = 0.7873146205503203
d3[12] = 0.7784783412033783
d3[13] = 0.7704162020637403
d3[14] = 0.7630230956247914
d3[15] = 0.7562114297279193
d3[16] = 0.7499080894099024
d3[17] = 0.7440517839607241
d3[18] = 0.7385908533781678
d3[19] = 0.7334814955188552
d3[20] = 0.7286863457072947
d3[21] = 0.7241733407174797
d3[22] = 0.7199148084342114
d3[23] = 0.7158867354917968
d3[24] = 0.7120681751479203
d3[25] = 0.7084407658886388
d3[26] = 0.7049883378034637
d3[27] = 0.7016965888636872
d3[28] = 0.6985528171693410
d3[29] = 0.6955456982561525
d3[30] = 0.6926650988834075
d3[31] = 0.6899019205211476
d3[32] = 0.6872479671478977
d3[33] = 0.6846958330532434
d3[34] = 0.6822388071871948
d3[35] = 0.6798707912631939
d3[36] = 0.6775862293482213
d3[37] = 0.6753800470900408
d3[38] = 0.6732475990662241
d3[39] = 0.6711846230048758
d3[40] = 0.6691871998451508
d3[41] = 0.6672517187774282
d3[42] = 0.6653748465471822
d3[43] = 0.6635535004214980
d3[44] = 0.6617848243129690
d3[45] = 0.6600661676346304
d3[46] = 0.6583950665236505
d3[47] = 0.6567692271266646
d3[48] = 0.6551865106842493
d3[49] = 0.6536449201897955
d3[50] = 0.6521425884299276
d3[51] = 0.6506777672401877
d3[52] = 0.6492488178325424
d3[53] = 0.6478542020705310
d3[54] = 0.6464924745839050
d3[55] = 0.6451622756285961
d3[56] = 0.6438623246105352
d3[57] = 0.6425914142006850
d3[58] = 0.6413484049790903
d3[59] = 0.6401322205520918
d3[60] = 0.6389418430941447
d3[61] = 0.6377763092709816
d3[62] = 0.6366347065063295
d3[63] = 0.6355161695580512
d3[64] = 0.6344198773742963
d3[65] = 0.6333450502020728
d3[66] = 0.6322909469255061
d3[67] = 0.6312568626117426
d3[68] = 0.6302421262459598
d3[69] = 0.6292460986382012
d3[70] = 0.6282681704870092
d3[71] = 0.6273077605859823
d3[72] = 0.6263643141607852
d3[73] = 0.6254373013259587
d3[74] = 0.6245262156507804
d3[75] = 0.6236305728256575
d3[76] = 0.6227499094207503
d3[77] = 0.6218837817289040
d3[78] = 0.6210317646868894
d3[79] = 0.6201934508680433
d3[80] = 0.6193684495412105
d3[81] = 0.6185563857909240
d3[82] = 0.6177568996935707
d3[83] = 0.6169696455460582
d3[84] = 0.6161942911428219
d3[85] = 0.6154305170972492
d3[86] = 0.6146780162049498
d3[87] = 0.6139364928453300
d3[88] = 0.6132056624190270
d3[89] = 0.6124852508186026
d3[90] = 0.6117749939301353
d3[91] = 0.6110746371639082
d3[92] = 0.6103839350114227
d3[93] = 0.6097026506282511
d3[94] = 0.6090305554394218
d3[95] = 0.6083674287675217
d3[96] = 0.6077130574804324
d3[97] = 0.6070672356588687
d3[98] = 0.6064297642812032
d3[99] = 0.6058004509256705
d3[100] = 0.6051791094878132
